243.513 14.838  1672.037629 1631.002462
235.762 30.534  1679.449228 1644.071381
224.553 53.319  1689.127132 1661.204160
217.357 67.979  1694.676204 1671.069515  -149.378  167.564333333
184.577 134.736 1710.955719 1703.894995  -49.841   167.963333333
156.726 190.516 1708.461495 1713.257410   33.79    167.989333333
133.103 236.212 1688.205245 1704.392954   103.109  167.472666667
113.027 273.396 1651.642030 1681.521575   160.369  166.483333333
96.163  303.361 1599.673474 1647.937914   207.198  165.229



