306.807 158.705 1824.884813 1821.012063 -148.102 257.439666667
271.512 231.284 1843.810556 1843.600093 -40.228  258.102666667
241.683 290.744 1842.353789 1842.331320 49.061   258.036666667
216.296 338.670 1821.711255 1822.398108 122.374  257.087333333
194.532 377.307 1783.517119 1788.365245 182.775  255.457
176.169 408.055 1728.803279 1743.401539 231.886  253.464333333
161.053 431.676 1656.835900 1687.953705 270.623  251.260666667
154.416 441.529 1614.247188 1655.573398 287.113  250.120333333


